20 20 480 20 
20 480 480 480 
520 20 980 20 
520 480 980 480 
1020 20 1480 20 
1020 480 1480 480 
1520 20 1980 20 
1520 480 1980 480 
20 520 480 520 
20 980 480 980 
520 520 980 520 
520 980 980 980 
1020 520 1480 520 
1020 980 1480 980 
1520 520 1980 520 
1520 980 1980 980 
20 1020 480 1020 
20 1480 480 1480 
520 1020 980 1020 
520 1480 980 1480 
1020 1020 1480 1020 
1020 1480 1480 1480 
1520 1020 1980 1020 
1520 1480 1980 1480 
20 1520 480 1520 
20 1980 480 1980 
520 1520 980 1520 
520 1980 980 1980 
1020 1520 1480 1520 
1020 1980 1480 1980 
1520 1520 1980 1520 
1520 1980 1980 1980 
20 20 20 480 
480 20 480 480 
20 520 20 980 
480 520 480 980 
20 1020 20 1480 
480 1020 480 1480 
20 1520 20 1980 
480 1520 480 1980 
520 20 520 480 
980 20 980 480 
520 520 520 980 
980 520 980 980 
520 1020 520 1480 
980 1020 980 1480 
520 1520 520 1980 
980 1520 980 1980 
1020 20 1020 480 
1480 20 1480 480 
1020 520 1020 980 
1480 520 1480 980 
1020 1020 1020 1480 
1480 1020 1480 1480 
1020 1520 1020 1980 
1480 1520 1480 1980 
1520 20 1520 480 
1980 20 1980 480 
1520 520 1520 980 
1980 520 1980 980 
1520 1020 1520 1480 
1980 1020 1980 1480 
1520 1520 1520 1980 
1980 1520 1980 1980 